12384	H3K27ac	Human	hg19	CS12	5761885	160	0.0682519235279756,0.0675918000923001,0.0673738108403906	75	0.07045665	500	0.06600683	1.034013	0.5045362	0
12384	H3K27me3	Human	hg19	CS12	14941001	165	0.0324873333957866,0.0319493699510495,0.0318383434213833	75	0.03868296	500	0.0309232	1.050581	0.2015694		2
12384	H3K36me3	Human	hg19	CS12	8088081	160	0.064474597431567,0.0643484211104978,0.0642273903966498	75	0.06805397	500	0.06337256	1.01739	0.2354076		2
12384	H3K4me1	Human	hg19	CS12	9102531	180	0.0392903419444154,0.0382736954753027,0.0381008325684234	70	0.04073422	500	0.03663625	1.072444	0.6476599	0
12384	H3K4me2	Human	hg19	CS12	10426886	175	0.0853940550792492,0.0850776044737794,0.085036695939401	75	0.08875841	500	0.08427185	1.013317	0.2501263		1
12384	H3K4me3	Human	hg19	CS12	14942559	185	0.0457593013663182,0.0455177739255339,0.0454829535654592	75	0.05094632	500	0.04492848	1.018492	0.1380601		2
12384	Input	Human	hg19	CS12	14416683	230	0.15770014824175,0.157652181058691,0.157643849573987	75	0.1615166	500	0.1572629	1.00278	0.1027923		2
12383	H3K27ac	Human	hg19	CS13	40342717	200	0.273965597595456,0.27382299672611,0.273801174859331	80	0.2741727	500	0.2720091	1.007193	0.9042951	0
12383	H3K27me3	Human	hg19	CS13	21590105	175	0.043730940184748,0.0436392790371723,0.0435325071525665	75	0.0472163	500	0.04307451	1.015239	0.1584884		2
12383	H3K36me3	Human	hg19	CS13	34194439	165	0.152885699278519,0.152832886741094,0.152574774301398	75	0.1546167	500	0.1518053	1.007117	0.3842851		1
12383	H3K4me1	Human	hg19	CS13	43269388	160	0.143226018251237,0.143156007135904,0.143004402156355	75	0.1436751	500	0.1413419	1.01333	0.807506	0
12383	H3K4me2	Human	hg19	CS13	29226668	180	0.162048359379771,0.162028102952016,0.162003559875579	75	0.162445	500	0.1586404	1.021483	0.8957469	0
12383	H3K4me3	Human	hg19	CS13	26305405	215	0.0450557499990419,0.0449584663134307,0.0448308424852319	75	0.04893948	500	0.04358427	1.033762	0.2747755		1
12383	Input	Human	hg19	CS13	24670996	200	0.243395381568377,0.243308268888258,0.243283189918186	75	0.2462857	500	0.2429431	1.001862	0.1353189		2
12690	H3K27ac	Human	hg19	CS13	53019581	210	0.400063596184341,0.399957427001468,0.399597460702444	80	0.4000489	500	0.3955079	1.011519	1.003233	1
12690	H3K27me3	Human	hg19	CS13	36185872	170	0.0896583816720925,0.0895491305926447,0.0894971797386366	75	0.09436415	500	0.08786565	1.020403	0.2758682		1
12690	H3K36me3	Human	hg19	CS13	59068066	220	0.402779717693293,0.40249173310852,0.402299801289472	75	0.404778	500	0.4000866	1.006731	0.5740507	0
12690	H3K4me1	Human	hg19	CS13	44137659	180	0.34502608871061,0.345010319155943,0.344995560640326	75	0.3451683	500	0.3412361	1.011107	0.9638282	0
12690	H3K4me2	Human	hg19	CS13	30466013	175	0.312391446859177,0.312364187841641,0.312222268660861	80	0.3119524	500	0.3037752	1.028364	1.053686	1
12690	H3K4me3	Human	hg19	CS13	38556531	180	0.321818070917425	85	0.3124868	500	0.2784398	1.15579	1.274069	1
12690	Input	Human	hg19	CS13	44395874	175	0.372025536438932,0.371974333862137,0.371910027177528	75	0.3738843	500	0.3713056	1.001939	0.2791866		1
12829	H3K27ac	Human	hg19	CS13	44176636	195	0.372469649929996,0.372415500111495,0.372157387963251	80	0.3716713	500	0.366048	1.017543	1.141982	1
12829	H3K27me3	Human	hg19	CS13	42185642	195	0.1905233961399,0.190183194137765,0.189991469245745	75	0.1925033	500	0.1881442	1.012646	0.5458056	0
12829	H3K36me3	Human	hg19	CS13	36267563	150	0.177810616823415,0.177742063620682,0.177466754331393	75	0.1787156	500	0.1755962	1.012611	0.7098806	0
12829	H3K4me1	Human	hg19	CS13	33196186	125	0.188919410011191,0.188593820010953,0.188319762293879	75	0.1893492	500	0.1833421	1.03042	0.9284597	0
12829	H3K4me2	Human	hg19	CS13	53313620	210	0.38811810355936,0.388050708770728,0.387083100210293	85	0.3834115	500	0.3539613	1.096499	1.159817	1
12829	H3K4me3	Human	hg19	CS13	26978111	205	0.124062069657215,0.123918709503834,0.12368019800405	75	0.1242962	500	0.1102374	1.125408	0.9833486	0
12829	Input	Human	hg19	CS13	50312181	225	0.352270245585077,0.352113125201033,0.352099260748879	75	0.3543897	500	0.3512855	1.002803	0.3172323		1
12830	H3K27ac	Human	hg19	CS13	77079474	180	0.447658689183235,0.447590190333751,0.44753207679056	80	0.4473105	500	0.442903	1.010738	1.07899	1
12830	H3K27me3	Human	hg19	CS13	26843817	175	0.05257156474086,0.0522275511263385,0.0521680070529033	75	0.05681705	500	0.05070793	1.036752	0.3050574		1
12830	H3K36me3	Human	hg19	CS13	42740698	140	0.295481037412912,0.295214081611892,0.295124528926609	75	0.2966003	500	0.2922325	1.011116	0.7437423	0
12830	H3K4me1	Human	hg19	CS13	35135992	155	0.210944900572139,0.210837550474136,0.210831004378415	75	0.2123776	500	0.209642	1.006215	0.4762794		1
12830	H3K4me2	Human	hg19	CS13	55950460	205	0.363393257186182,0.362954941217341	85	0.3618239	500	0.3460747	1.050043	1.099644	1
12830	H3K4me3	Human	hg19	CS13	49861530	230	0.193622075530889,0.193193512369984,0.191274177117688	80	0.1906746	500	0.1604564	1.206696	1.09754	1
12830	Input	Human	hg19	CS13	51678903	165	0.404012824361793,0.403869475206529,0.403859911998717	75	0.4059806	500	0.4031519	1.002136	0.3043566		1
12877	H3K27ac	Human	hg19	CS13	45506776	150	0.30745603121853,0.30739997762322,0.307331227915743	75	0.3073231	500	0.3028293	1.015278	1.029575	1
12877	H3K27me3	Human	hg19	CS13	32758301	165	0.0931172365428219,0.0929475506318868,0.0929318020084146	75	0.09707698	500	0.09178941	1.014466	0.2511225		1
12877	H3K36me3	Human	hg19	CS13	38348069	170	0.199063838925215,0.198862342700803,0.198792130398059	75	0.2008553	500	0.1971521	1.009697	0.5162394	0
12877	H3K4me1	Human	hg19	CS13	43802017	175	0.219306776517172,0.21909689342789,0.219004258718394	75	0.2206386	500	0.216457	1.013166	0.6815149	0
12877	H3K4me2	Human	hg19	CS13	39105700	150	0.276677178414005,0.276557876704989,0.276457512981599	85	0.2764549	500	0.2621425	1.055446	1.015531	1
12877	H3K4me3	Human	hg19	CS13	31124565	205	0.0897385713670555,0.0897300532035222,0.0892937594050772	75	0.0934533	500	0.08327691	1.077593	0.6349659	0
12877	Input	Human	hg19	CS13	35298790	205	0.278156868698938,0.277984780334872,0.277922834524649	75	0.2811418	500	0.2771249	1.003724	0.2569074		1
12408	H3K27ac	Human	hg19	CS14	42728276	275	0.36689456744641,0.366776751951307,0.365478804032457	80	0.3667938	500	0.3622951	1.012695	1.022396	1
12408	H3K27me3	Human	hg19	CS14	76054926	180	0.0764186976060734,0.0763366432785262,0.0763106753998085	75	0.08232391	500	0.07502237	1.018612	0.1912375		2
12408	H3K36me3	Human	hg19	CS14	26082304	190	0.254350322864846,0.254103739880568,0.253965778079119	75	0.2561988	500	0.2521856	1.008584	0.5394016	0
12408	H3K4me1	Human	hg19	CS14	55650566	160	0.415165265769962,0.415054797378252,0.415009000806049	80	0.4153124	500	0.4108389	1.010531	0.9671177	0
12408	H3K4me2	Human	hg19	CS14	283947776	160	0.734799497098735	85	0.7334471	500	0.7204093	1.019975	1.103726	1
12408	H3K4me3	Human	hg19	CS14	61548821	215	0.256476549617237,0.256204412469565,0.255792857474144	80	0.2533666	500	0.234934	1.091696	1.168717	1
12408	Input	Human	hg19	CS14	30118634	215	0.288424065768201,0.288371501227156,0.288361126315582	75	0.2903557	500	0.2878509	1.001991	0.2288209		2
12709	H3K27ac	Human	hg19	CS14	33888120	135	0.305112490371769,0.304969438343428,0.304926592029546	75	0.3055682	500	0.3025456	1.008484	0.849227	0
12709	H3K27me3	Human	hg19	CS14	19203234	215	0.0636029609023444,0.063576942504027,0.0632354713544239	75	0.06934746	500	0.06210173	1.024174	0.207188		2
12709	H3K36me3	Human	hg19	CS14	66184089	165	0.405211337904507,0.404842635839764,0.40480303018333	75	0.4062573	500	0.4025918	1.006507	0.7146416	0
12709	H3K4me1	Human	hg19	CS14	62213091	125	0.415640631857147,0.415441036589845,0.415434368741325	75	0.4157792	500	0.4112492	1.010678	0.9694009	0
12709	H3K4me2	Human	hg19	CS14	29606869	120	0.296979985643385,0.296934268457806,0.296906716793635	75	0.2973948	500	0.291234	1.01973	0.9326667	0
12709	H3K4me3	Human	hg19	CS14	35775833	175	0.308053089400752	85	0.3032788	500	0.2749268	1.120491	1.168392	1
12709	Input	Human	hg19	CS14	203871516	245	0.725450937030978,0.725003150116086,0.724690338854815	75	0.726573	500	0.7241253	1.001831	0.5416004	0
12913	H3K27ac	Human	hg19	CS14	50559562	265	0.322781484064776,0.32269221792797,0.320209707484481	75	0.3229691	500	0.3179782	1.015106	0.9624067	0
12913	H3K27me3	Human	hg19	CS14	32803830	160	0.136988181384129,0.136844905579394,0.1367788074213	75	0.1397678	500	0.136242	1.005477	0.2116243		2
12913	H3K36me3	Human	hg19	CS14	58234821	215	0.304508065239134,0.304335475875606,0.304078335392039	75	0.306411	500	0.3033135	1.003938	0.3856485		1
12913	H3K4me1	Human	hg19	CS14	31119518	140	0.270397286954939,0.270064549962195,0.269983355698577	75	0.2710899	500	0.2662815	1.015456	0.8559489	0
12913	H3K4me2	Human	hg19	CS14	26021587	110	0.176320522495184,0.176237719177649,0.176235808063419	75	0.176341	500	0.1600182	1.101878	0.9987432	0
12913	H3K4me3	Human	hg19	CS14	34571804	295	0.17268639505298,0.172438148744622,0.156756635730882	80	0.1704243	500	0.1372952	1.257775	1.06828	1
12913	Input	Human	hg19	CS14	39784676	200	0.25265680182854,0.252403751880315,0.252337886752867	75	0.2549061	500	0.2518465	1.003218	0.2648491		1
13000	H3K27ac	Human	hg19	CS15	43637096	360	0.339731890928232,0.334480907382843,0.333764753834173	80	0.3400414	500	0.3332109	1.01957	0.9546935	0
13000	H3K27me3	Human	hg19	CS15	20605487	210	0.0994712408255276,0.0994121420081065,0.0992647129270444	75	0.1027937	500	0.09847009	1.010167	0.2315519		2
13000	H3K36me3	Human	hg19	CS15	40750504	225	0.261824887763387,0.261648516935297,0.261409287225695	75	0.2637709	500	0.2596033	1.008558	0.5330657	0
13000	H3K4me1	Human	hg19	CS15	34246647	245	0.287283481319994,0.286886888804491,0.285710290048656	75	0.2883766	500	0.2829556	1.015295	0.798354	0
13000	H3K4me2	Human	hg19	CS15	33050970	160	0.184218567377285,0.184069068977839,0.183884843748563	75	0.1852457	500	0.1763947	1.044354	0.8839498	0
13000	H3K4me3	Human	hg19	CS15	34401211	140	0.360770881067788	85	0.3564442	500	0.3062592	1.177992	1.086214	1
13000	Input	Human	hg19	CS15	35290346	180	0.259084638553573,0.258926591525351,0.258806637616001	75	0.261379	500	0.2576462	1.005583	0.3853585		1
13019	H3K27ac	Human	hg19	CS15	29855990	135	0.274363604456565,0.274346725244105,0.274237286273146	75	0.2743218	500	0.2693551	1.018595	1.008425	1
13019	H3K27me3	Human	hg19	CS15	27823151		185	0.0559120138610928,0.0558644909126046,0.0557779079320562	75	0.05954514	500	0.05509335	1.01486	0.1838959		2
13019	H3K36me3	Human	hg19	CS15	25719643	190	0.19348781871573,0.193070106350539,0.192891620692005	75	0.1953131	500	0.1915782	1.009968	0.5113	0
13019	H3K4me1	Human	hg19	CS15	31507897	160	0.290811125459302,0.290746120763618,0.290504093654366	75	0.2913714	500	0.2866452	1.014534	0.8814471	0
13019	H3K4me2	Human	hg19	CS15	38713308	130	0.243870041357628,0.243816896958591,0.243642498224128	75	0.2438985	500	0.2251493	1.083148	0.9984815	0
13019	H3K4me3	Human	hg19	CS15	36208070	145	0.422172000768379	85	0.4149204	500	0.3398376	1.242276	1.096582	1
13019	Input	Human	hg19	CS15	46560490	175	0.278252796038614,0.278013274665139,0.277934693801589	75	0.2802689	500	0.2773605	1.003217	0.3067915		1
13128	H3K27ac	Human	hg19	CS15	57086688	280	0.371720008339375,0.371297070965904,0.368016398952484	80	0.3714627	500	0.3647175	1.0192	1.038144	1
13128	H3K27me3	Human	hg19	CS15	34649815	175	0.09986865608296,0.0997358902355523,0.0996928307552039	75	0.1031722	500	0.09924867	1.006247	0.1580167		2
13128	H3K36me3	Human	hg19	CS15	80462610	170	0.331592121012459,0.331465485822125,0.330602554846619	75	0.3324641	500	0.3268837	1.014404	0.8437372	0
13128	H3K4me1	Human	hg19	CS15	35764910	120	0.31242259556759,0.312343250708252,0.31228880616944	75	0.3125038	500	0.307735	1.015233	0.982978	0
13128	H3K4me2	Human	hg19	CS15	28669976	160	0.31731199398987,0.317273133698746,0.316806031267831	80	0.3167541	500	0.2876492	1.103121	1.019169	1
13128	H3K4me3	Human	hg19	CS15	41682848	150	0.5368561977184	85	0.5250194	500	0.4274378	1.255987	1.121301	1
13128	Input	Human	hg19	CS15	43713588	170	0.27950721624189,0.279298987895284,0.27920990896396	75	0.2816821	500	0.278637	1.003123	0.2857687		1
12191	H3K27ac	Human	hg19	CS17	45907802	410	0.406032392233096,0.396213327171398,0.395243176256399	85	0.4047281	500	0.3947914	1.028473	1.131265	1
12191	H3K4me2	Human	hg19	CS17	38423080	150	0.443608191721804,0.443534381631843	85	0.4401675	500	0.4040883	1.0978	1.095364	1
12191	Input	Human	hg19	CS17	36190559	195	0.329385962810139,0.329209402896083,0.329173332966849	75	0.3311208	500	0.3287642	1.001891	0.263849		1
12331	H3K27ac	Human	hg19	CS17	38758835	160	0.384704018085476	85	0.3796888	500	0.3573893	1.076429	1.2249	1
12331	H3K27me3	Human	hg19	CS17	32673071	205	0.223474070002171,0.223435906136554,0.223290942668652	75	0.2258431	500	0.2217055	1.007977	0.4274431		1
12331	H3K36me3	Human	hg19	CS17	31974085	215	0.302284743291355,0.302280596136777,0.301865298431533	75	0.3046762	500	0.2995979	1.008968	0.5290832	0
12331	H3K4me1	Human	hg19	CS17	26690198	195	0.261551080092259,0.26138616509907,0.261366203341738	75	0.2615442	500	0.2572218	1.016831	1.001596	1
12331	H3K4me2	Human	hg19	CS17	27592369	195	0.378072625401096,0.37786887542984	85	0.3726251	500	0.3424952	1.103877	1.180803	1
12331	H3K4me3	Human	hg19	CS17	33604019	190	0.321066588329246	80	0.3176348	500	0.3014998	1.064898	1.212694	1
12331	Input	Human	hg19	CS17	32203821	200	0.265851551010786,0.265685728850284,0.265619365023739	75	0.2683727	500	0.2648526	1.003772	0.2837752		1
12341	H3K27ac	Human	hg19	CS17	35913555	155	0.346329435552204	85	0.3437922	500	0.3326075	1.041255	1.226854	1
12341	H3K27me3	Human	hg19	CS17	18705803	200	0.106530058559134,0.106387815332674,0.106316535477859	75	0.1103006	500	0.1048751	1.01578	0.3050314		1
12341	H3K36me3	Human	hg19	CS17	44720868	150	0.287900778020555,0.287639663083809,0.287531891770768	75	0.289041	500	0.2854584	1.008556	0.6817372	0
12341	H3K4me1	Human	hg19	CS17	24443490	160	0.21557467901865,0.215459868750143,0.215451692115229	75	0.2159774	500	0.2123806	1.01504	0.8880257	0
12341	H3K4me2	Human	hg19	CS17	27179315	215	0.31931329198575,0.318525768027245,0.318071278119293	85	0.3156449	500	0.2936668	1.087332	1.166913	1
12341	H3K4me3	Human	hg19	CS17	28594145	190	0.363081823366383,0.363036804811611	85	0.3480298	500	0.3028175	1.199012	1.332918	1
12341	Input	Human	hg19	CS17	31436303	205	0.263313248445705,0.263069430237499,0.263054768060134	75	0.2657406	500	0.2625215	1.003016	0.2459515		2
12611	H3K27ac	Human	hg19	CS17	28624095	160	0.333001887898696	85	0.3288196	500	0.3141773	1.059917	1.28563	1
12611	H3K27me3	Human	hg19	CS17	31347113	200	0.282986013901233,0.282906386727641,0.282798171747557	75	0.2858696	500	0.2820211	1.003421	0.2507193		1
12611	H3K36me3	Human	hg19	CS17	28364967	200	0.287137041616752,0.286965750142723,0.286716439608906	75	0.2889955	500	0.2838739	1.011495	0.6371368	0
12611	H3K4me1	Human	hg19	CS17	25053241	170	0.239264820827357,0.23920329854169,0.239201678163967	80	0.2393208	500	0.2347534	1.019218	0.987745	0
12611	H3K4me2	Human	hg19	CS17	37942472	185	0.444015353156131,0.443970789767432	85	0.4368443	500	0.4030062	1.101758	1.211922	1
12611	H3K4me3	Human	hg19	CS17	29698705	195	0.435167177566379,0.435140420590161	85	0.418297	500	0.3698496	1.176606	1.348215	1
12611	Input	Human	hg19	CS17	31741246	155,165,185	0.282047414456648,0.281983909181566,0.281839533017993	75	0.2845438	500	0.2810137	1.003678	0.2928171		1
12104	H3K27ac	Human	hg19	CS20	42203095	130	0.443214632463533	85	0.438049	500	0.3993902	1.109728	1.133621	1
12104	H3K4me2	Human	hg19	CS20	42754817	135	0.526097647929701	85	0.5217806	500	0.4627923	1.13679	1.073185	1
12104	Input	Human	hg19	CS20	47417741	190	0.39132042879662,0.391235777555638,0.391119579920654	75	0.3928562	500	0.3907149	1.00155	0.2827752		1
N2108	H3K27ac	Human	hg19	F2	52022781	335	0.269068271828997,0.262036295467463,0.261721941436048	80	0.2647682	500	0.2609804	1.03099	2.135261	2
N2108	Input	Human	hg19	F2	56672534	300	0.351682622716677,0.351575523753961,0.351522718499419	80	0.3638002	500	0.3509918	1.001968	0.05393189		2
HepM	H3K27ac-Diagenode	Human	hg19	Culture	34419599	140	0.17588039412069,0.175831246362095,0.175724524090538	80	0.1749986	500	0.160583	1.095262	1.061168	1
HepM	H3K27me3-Diagenode	Human	hg19	Culture	28269601	165	0.249203933027075,0.249100339606332,0.249035124150395	75	0.2520697	500	0.2468032	1.009727	0.4558472	-1
HepM	H3K36me3-Diagenode	Human	hg19	Culture	41686797	155	0.358098115688909,0.357909132760776,0.357612202373677	75	0.3589243	500	0.3535363	1.012903	0.8466637	0
HepM	H3K4me1-Diagenode	Human	hg19	Culture	31147712	145	0.254282771857017,0.254226793985742,0.254150647358191	75	0.2544202	500	0.2480989	1.024925	0.9782539	0
HepM	H3K4me3-Diagenode	Human	hg19	Culture	32899014	160	0.552300026324222	85	0.529469	500	0.448252	1.23212	1.281111	1
HepM	H3K9me3-Diagenode	Human	hg19	Culture	36952592	225	0.298672306629568,0.298563866201237,0.298366925970158	75	0.3030746	500	0.2964316	1.007559	0.3373017	-1
HepM	Input	Human	hg19	Culture	44878073	175	0.304741098382045,0.304487013801807,0.304370554345924	75	0.3067424	500	0.3037848	1.003148	0.3233363	-1
HepM-Rep1	H3K27ac	Human	hg19	Culture	35765735	165	0.342687221909178	85	0.3376525	500	0.3230881	1.060662	1.345687	1
HepM-Rep1	H3K27me3	Human	hg19	Culture	19645372	190	0.037381724909638,0.0362368256494219,0.0362319930155455	75	0.03952194	500	0.03564554	1.048707	0.4478863	-1
HepM-Rep1	H3K36me3	Human	hg19	Culture	31250317	150	0.292463957992796,0.292075649674598,0.292048484658067	75	0.2934028	500	0.2890287	1.011886	0.785359	0
HepM-Rep1	H3K4me1	Human	hg19	Culture	28648162	195	0.313493414751609,0.313367066334405,0.313311102610786	80	0.3127215	500	0.3067842	1.021869	1.130009	1
HepM-Rep1	H3K4me2	Human	hg19	Culture	34370025	210	0.375108181783914,0.374856027828958,0.374429052311142	80	0.3686526	500	0.3465162	1.082513	1.291626	1
HepM-Rep1	H3K4me3	Human	hg19	Culture	65399041	195	0.756521418031748,0.756472206968062	85	0.7083412	500	0.6389714	1.183968	1.694542	2
HepM-Rep1	Input	Human	hg19	Culture	39845405	150	0.28615487695969,0.28614281400477,0.285957278799426	75	0.2880636	500	0.2853096	1.002963	0.3069264	-1
HepM-Rep2	H3K27ac	Human	hg19	Culture	42066944	190	0.365683019230316,0.365676468118484,0.365578156962909	85	0.3607246	500	0.3464441	1.055533	1.347216	1
HepM-Rep2	H3K27me3	Human	hg19	Culture	23038375	150	0.0826323300599622,0.0826132119422399,0.0825611380820256	75	0.08505304	500	0.08200398	1.007662	0.206079	-2
HepM-Rep2	H3K36me3	Human	hg19	Culture	39310329	190	0.647842067067519	85	0.6090672	500	0.5457844	1.186993	1.612723	2
HepM-Rep2	H3K4me1	Human	hg19	Culture	34757785	195	0.315504527381135,0.315459992860864,0.315391578423978	80	0.3149635	500	0.3095225	1.019326	1.099443	1
HepM-Rep2	H3K4me2	Human	hg19	Culture	26948491	245	0.345263121479197,0.344904560881679,0.342467436756408	85	0.3403254	500	0.3179359	1.085952	1.220535	1
HepM-Rep2	H3K4me3	Human	hg19	Culture	45743033	150	0.391327538263021,0.391171849779186,0.390998808152064	75	0.3925826	500	0.3870685	1.011003	0.7723878	0
HepM-Rep2	Input	Human	hg19	Culture	30620730	165	0.223057627065215,0.222826876788142,0.222811135407541	75	0.2249036	500	0.2222144	1.003795	0.3135612	-1
